name=infocom2006
datalines=303420
allcontact=151710
afriends=90.08163265306122
friendratio=0.9192003331945022
begintime=0.0
endtime=337504.0
node=98
distribution={1=246, 2=246, 3=216, 4=146, 5=154, 6=176, 7=136, 8=148, 9=164, 10=172, 11=134, 12=152, 13=198, 14=166, 15=174, 17=150, 16=128, 19=182, 18=128, 21=126, 20=164, 23=186, 22=154, 25=160, 24=162, 27=140, 26=158, 29=156, 28=160, 31=148, 30=142, 34=146, 35=120, 32=150, 33=126, 38=112, 39=118, 36=138, 37=110, 42=136, 43=108, 40=96, 41=96, 46=86, 47=66, 44=110, 45=118, 51=44, 50=68, 49=84, 48=70, 55=46, 54=58, 53=62, 52=68, 59=56, 58=48, 57=48, 56=32, 63=52, 62=44, 61=38, 60=46, 68=36, 69=26, 70=24, 71=32, 64=34, 65=24, 66=26, 67=34, 76=20, 77=18, 78=16, 79=22, 72=10, 73=36, 74=32, 75=26, 85=16, 84=14, 87=18, 86=6, 81=10, 80=16, 83=20, 82=16, 93=14, 92=16, 95=6, 94=16, 89=20, 88=6, 91=20, 90=14, 100=16, 98=10, 99=6, 96=10, 97=6, 110=64}
