name=mit_l
datalines=185052
allcontact=92526
afriends=64.58333333333333
friendratio=0.6727430555555555
begintime=0.0
endtime=2.4428518E7
node=96
distribution={1=1126, 2=744, 3=418, 4=326, 5=244, 6=232, 7=196, 8=140, 9=156, 10=102, 11=76, 12=64, 13=84, 14=90, 15=52, 17=48, 16=68, 19=70, 18=62, 21=56, 20=44, 23=48, 22=48, 25=26, 24=32, 27=30, 26=28, 29=26, 28=30, 31=34, 30=42, 34=26, 35=26, 32=20, 33=38, 38=14, 39=22, 36=32, 37=36, 42=26, 43=16, 40=16, 41=18, 46=22, 47=20, 44=20, 45=30, 51=12, 50=24, 49=12, 48=12, 55=22, 54=18, 53=18, 52=16, 59=10, 58=12, 57=18, 56=24, 63=8, 62=12, 61=14, 60=16, 68=6, 69=10, 70=14, 71=24, 64=12, 65=14, 66=18, 67=18, 76=12, 77=12, 78=12, 79=4, 72=8, 73=12, 74=20, 75=12, 85=14, 84=14, 87=6, 81=6, 80=6, 83=12, 82=12, 93=4, 92=12, 95=12, 94=6, 89=12, 88=12, 91=8, 90=6, 100=6, 98=8, 99=6, 96=2, 97=6, 110=68}
