name=pmtr
datalines=23474
allcontact=11737
afriends=34.59090909090909
friendratio=0.7861570247933884
begintime=0.0
endtime=1632796.0
node=44
distribution={1=122, 2=114, 3=106, 4=82, 5=74, 6=84, 7=64, 8=74, 9=62, 10=52, 11=40, 12=44, 13=22, 14=36, 15=26, 17=16, 16=40, 19=36, 18=20, 21=18, 20=18, 23=14, 22=32, 25=12, 24=16, 27=22, 26=16, 29=20, 28=6, 31=10, 30=12, 34=4, 35=10, 32=10, 33=18, 38=6, 39=6, 36=12, 37=16, 42=2, 43=4, 40=10, 41=6, 46=8, 44=4, 45=4, 51=2, 50=4, 49=8, 48=6, 54=2, 53=2, 52=4, 58=2, 57=2, 56=4, 62=4, 60=6, 68=2, 69=4, 64=2, 65=6, 67=2, 77=2, 79=2, 72=4, 73=2, 74=2, 75=4, 84=2, 83=2, 82=4, 94=2, 100=2, 110=2}
